0.389
0.257
0.253
0.222
0.29
0.241
0.247
0.192
0.213
0.231
0.234
0.232
0.23
0.363
0.328
0.285
0.252
0.327
0.27
0.266
0.26
0.257
0.25
0.26
0.269
0.235
0.237
0.274
0.285
0.215
0.244
0.233
0.215
0.21
0.235
0.215
0.199
0.22
0.204
0.213
0.258
0.253
0.222
0.231
0.248
0.224
0.254
0.306
0.245
0.245
0.247
0.237
0.234
0.236
0.238
0.225
0.234
0.225
0.234
0.203
0.221
0.214
0.195
0.216
0.229
0.25
0.286
0.245
0.266
0.302
0.245
0.252
0.256
0.255
0.306
0.25
0.255
0.252
0.261
0.271
0.262
0.271
0.264
0.327
0.256
0.349
0.342
0.385
0.407
0.459
0.427
0.39
0.432
0.363
0.268
0.268
0.29
0.375
0.316
0.309
0.464
0.421
0.42
0.31
0.26
0.265
0.233
0.267
0.32
0.327
0.279
0.292
0.292
0.282
0.286
0.295
0.347
0.259
0.255
0.244
0.303
0.308
0.299
0.391
0.298
0.259
0.313
0.29
0.36
0.361
0.294
0.365
0.325
0.33
0.298
0.296
0.273
0.301
0.305
0.285
0.332
0.275
0.264
0.23
0.276
0.269
0.271
0.275
0.276
0.272
0.275
0.235
0.25
0.37
0.346
0.373
0.355
0.365
0.373
0.362
0.358
0.322
0.352
0.299
0.378
0.343
0.327
0.34
0.292
0.349
0.3
0.273
0.242
0.254
0.24
0.214
0.275
0.292
0.249
0.249
0.232
0.247
0.243
0.238
0.236
0.229
0.234
0.279
0.273
0.255
0.247
0.299
