0.075
0.045
0.019
0.027
0.015
0.015
0.019
0.017
0.016
0.014
0.017
0.016
0.022
0.031
0.047
0.04
0.014
0.03
0.052
0.026
0.019
0.018
0.016
0.015
0.016
0.017
0.014
0.014
0.016
0.015
0.018
0.018
0.016
0.014
0.017
0.017
0.037
0.02
0.015
0.018
0.021
0.018
0.016
0.014
0.014
0.014
0.017
0.014
0.013
0.014
0.015
0.014
0.013
0.013
0.013
0.014
0.014
0.014
0.015
0.027
0.015
0.014
0.014
0.014
0.014
0.014
0.013
0.014
0.014
0.014
0.014
0.02
0.013
0.014
0.029
0.013
0.013
0.013
0.013
0.013
0.013
0.026
0.015
0.013
0.013
0.013
0.013
0.013
0.013
0.015
0.042
0.017
0.027
0.027
0.031
0.032
0.03
0.03
0.03
0.035
0.044
0.028
0.022
0.02
0.017
0.02
0.018
0.015
0.015
0.017
0.017
0.015
0.015
0.015
0.015
0.016
0.017
0.016
0.019
0.018
0.018
0.018
0.017
0.018
0.018
0.017
0.017
0.02
0.023
0.02
0.019
0.03
0.027
0.021
0.034
0.029
0.023
0.027
0.023
0.02
0.019
0.018
0.017
0.016
0.015
0.015
0.02
0.02
0.017
0.018
0.017
0.016
0.017
0.028
0.026
0.032
0.027
0.022
0.029
0.026
0.028
0.023
0.021
0.019
0.017
0.016
0.015
0.016
0.018
0.017
0.016
0.016
0.016
0.017
0.017
0.022
0.021
0.019
0.027
0.022
0.02
0.03
0.024
0.022
0.021
0.033
0.024
0.022
0.029
0.024
0.021
0.024
0.026
0.022
0.021
0.031
0.026
0.022
0.02
0.02
0.032
0.019
0.027
0.026
0.024
0.025
0.026
0.022
0.021
0.03
0.024
0.022
0.021
0.021
0.019
0.019
0.019
0.019
0.017
0.017
0.018
0.017
0.019
0.019
0.018
0.017
0.017
0.016
0.016
0.016
0.019
0.021
0.022
0.021
0.029
0.023
0.021
0.019
0.018
0.018
0.018
0.029
0.026
0.022
0.019
0.018
0.016
0.016
0.016
0.016
0.016
0.016
0.016
0.016
0.016
0.016
0.016
0.017
0.017
0.016
0.018
0.03
0.022
0.02
0.02
0.019
0.017
0.016
0.016
0.015
0.016
0.017
0.016
0.016
0.016
0.022
0.026
0.024
0.019
0.022
0.021
0.035
0.027
0.024
0.02
0.018
0.017
0.019
0.017
0.016
0.015
0.016
0.016
0.021
0.032
0.025
0.025
0.022
0.022
0.024
0.023
0.022
0.02
0.018
0.016
0.016
0.022
0.021
0.022
0.023
0.022
0.02
0.024
0.021
0.024
0.026
0.025
0.022
0.022
0.027
0.029
0.024
0.024
0.022
0.021
0.019
0.022
0.024
0.021
0.019
0.021
0.02
0.021
0.019
0.019
0.029
0.037
0.028
0.026
0.024
0.021
0.019
0.023
0.021
0.019
0.017
0.017
0.017
0.016
0.016
0.016
0.016
0.017
0.023
0.024
0.023
0.023
0.022
0.02
0.019
0.023
0.022
0.023
0.022
0.021
0.021
0.031
0.028
0.025
0.023
0.021
0.021
0.02
0.023
0.028
0.026
0.023
0.027
0.024
0.028
0.025
0.023
0.024
0.022
0.023
0.025
0.027
0.023
0.02
0.018
0.016
0.015
0.015
0.015
0.015
0.015
0.015
0.015
0.014
0.017
0.021
0.021
0.018
0.023
0.02
0.02
0.026
0.024
0.02
0.019
0.018
0.017
0.016
0.015
0.017
0.018
0.017
0.017
0.016
0.017
0.016
0.016
0.031
0.028
0.023
0.033
0.031
0.026
0.029
0.028
0.022
0.026
0.027
0.024
0.022
0.022
0.019
0.017
0.018
0.019
0.019
0.018
0.019
0.024
0.021
0.02
0.021
0.025
0.02
0.018
0.019
0.021
0.017
0.018
0.018
0.017
0.017
0.017
0.026
0.028
0.028
0.024
0.032
0.03
0.028
0.024
0.022
0.023
0.022
0.019
0.019
0.018
0.017
0.016
0.017
0.016
0.016
0.016
0.016
0.016
0.016
0.016
0.022
0.027
0.024
0.02
0.024
0.02
0.019
0.02
0.017
0.016
0.017
0.016
0.016
0.016
0.016
0.016
0.016
0.016
0.017
0.016
0.018
0.018
0.026
0.027
0.024
0.022
0.022
0.025
0.022
0.021
0.02
0.032
0.029
0.026
0.026
0.027
0.021
0.022
0.02
0.019
0.018
0.019
0.027
0.03
0.029
0.027
0.026
0.025
0.026
0.027
0.029
0.026
0.026
0.023
0.032
0.026
0.023
0.019
0.018
0.017
0.016
0.016
0.016
0.016
0.016
0.017
0.019
0.016
0.017
0.018
0.021
0.02
0.017
0.017
0.018
0.016
0.016
0.026
0.026
0.021
0.019
0.023
0.021
0.019
0.018
0.024
0.022
0.019
0.019
0.019
0.017
0.016
0.015
0.015
0.017
0.017
0.016
0.015
0.015
0.015
0.015
0.015
0.016
0.015
0.016
0.019
0.018
0.017
0.017
0.016
0.016
0.015
0.015
0.019
0.022
0.02
0.018
0.02
0.019
0.017
0.015
0.016
0.016
0.016
0.015
0.015
0.017
0.017
0.015
0.015
0.015
0.016
0.015
0.015
0.015
0.016
0.016
0.016
0.021
0.032
0.032
0.026
0.023
0.026
0.024
0.02
0.022
0.023
0.02
0.019
0.02
0.017
0.017
0.019
0.022
0.024
0.022
0.02
0.019
0.019
0.019
0.019
0.018
0.019
0.018
0.017
0.017
0.017
0.016
0.017
0.02
0.018
0.02
0.024
0.021
0.02
0.02
0.028
0.028
0.025
0.026
0.027
0.027
0.026
0.025
0.025
0.024
0.024
0.024
0.024
0.022
0.025
0.027
0.026
0.028
0.027
0.028
0.027
0.028
0.029
0.031
0.025
0.032
0.025
0.02
0.017
0.014
0.013
0.014
0.014
0.015
0.015
